91,5
91,4
91,3
91,1
91,0
0,791
0,790
0,789
90,7
90,6
90,5
90,4
90,3
90,1
90,0
0,788
0,787
0,786
0,785
0,784
89,6
89,5
89,4
89,3
89,1
89,0
0,783
88,5
88,4
88,3
88,1
88,0
10,42
0,782
87,5
87,4
87,3
87,1
87,0
13,79
0,781
86,5
86,4
86,3
86,1
86,0
0,780
85,5
85,4
85,3
85,1
85,0
0,779
0,778
84,6
84,5
84,4
84,3
84,1
84,0
83,5
0,777
83,4
83,3
83,1
83,0
0,776
0,775
82,6
0,774
82,5
82,4
82,3
82,1
82,0
0,773
81,5
81,4
81,3
81,1
81,0
13,78
0,772
80,5
80,4
80,3
80,1
80,0
0,771
0,770
79,7
13,25
0,769
0,768
79,6
79,5
79,4
79,3
79,1
79,0
78,5
78,4
78,3
78,1
78,0
77,6
77,5
77,4
77,3
77,1
77,0
76,5
76,4
76,3
76,1
76,0
0,496
13,62
13,51
13,48
13,55
13,43
13,9
13,41
13,131
13,39
13,47
13,33
13,29
13,64
13,27
13,70
13,24
13,34
13,20
13,15
13,18
13,40
13,16
13,10
16,6
13,6
16,1
13,5
16,8
13,2
16,2
13,1
16,5
10,12
10,1
8,7
8,6
8,2
8,1
4,9
8,5
4,8
4,1
3,5
3,1
0,735
5,6
0,734
5,2
0,733
5,1
0,732
5,5
0,731
0,730
0,729
0,728
0,727
6,6
0,726
6,2
0,725
6,1
0,724
6,5
0,723
0,722
0,721
0,720
0,719
0,718
0,717
0,716
0,715
0,714
0,713
0,712
0,711
0,710
0,709
0,708
0,707
0,706
0,705
0,704
0,702
0,699
0,698
0,696
0,695
0,693
0,692
0,691
0,690
0,689
0,688
0,687
0,686
0,685
0,684
0,683
0,682
0,681
0,680
